0.12265190953946938
0.47749041629625083
0.41114168155758135
0.18923841831308286
0.0001
0.7517945390998382
0.14351817988967264
0.5928306750079475
0.49455862795053385
1.3581794960670999
0.21216403057590694
0.6522265254923352
0.5769393974613612
0.4210741429541704
0.4894700196617649
0.595405113943158
0.10915921350787551
0.5644252613056919
0.9025870764720108
0.6647681255042066
0.910388733221251
0.7719511054934539
0.3026489282599202
0.533461550543645
0.6487445660711953
0.5928785973191276
0.686773492363518
1.3234472791309482
0.9779220620906559
0.40750248759376145
0.5985242245103686
1.101432567540559
0.8985764795728717
0.7380820052223571
0.4420226457212425
0.8294190237131002
0.5452218786576887
0.7541551623745597
0.9491402541208537
1.1212290259952908
0.7697763019022033
0.509136340250882
0.9151180105721153
1.3438021153394264
0.9722957329663866
0.6387002412888987
1.1781482174481621
1.0478445638317078
1.204800242795126
0.940873602720649
1.2975595934250623
1.2645880271348875
1.0917178428965761
1.2243276351642907
1.2967960227069761
0.5084641947620407
0.7207586747705879
0.9818970675146896
1.0209415239523836
0.4405225723645622
0.6713534812179951
1.0972437933207961
1.5295170857233589
0.5096798783271164
1.2416178033447904
1.0383659968703112
1.1454535437773938
1.119156058579806
1.1187838549968092
1.4043697766106762
