0.4844207842843111
0.8301342212602651
0.6012298910248992
0.49094632560336493
0.49094632560336493
0.6772382869063656
0.47789524296525737
0.8236086799412113
0.4844207842843111
0.6012298910248992
0.49094632560336493
0.9469433280008531
0.4844207842843111
0.5604291801657776
0.6012298910248992
0.5604291801657776
0.4844207842843111
0.8996170758226778
0.8996170758226778
0.6772382869063656
0.6299120347281902
0.8996170758226778
0.47789524296525737
0.6772382869063656
0.9469433280008531
0.8996170758226778
0.9469433280008531
0.5604291801657776
0.5604291801657776
0.8996170758226778
0.9469433280008531
0.8996170758226778
0.8301342212602651
0.6299120347281902
0.6012298910248992
0.8236086799412113
0.49094632560336493
0.8301342212602651
0.8301342212602651
0.8996170758226778
0.8301342212602651
0.8996170758226778
0.8996170758226778
0.8236086799412113
0.9469433280008531
0.8996170758226778
0.8301342212602651
0.4844207842843111
0.9469433280008531
0.9469433280008531
0.9469433280008531
0.8301342212602651
0.8301342212602651
1.1693221169171653
1.1693221169171653
0.9469433280008531
0.8996170758226778
1.1693221169171653
1.1693221169171653
0.5539036388467238
0.6772382869063656
0.9469433280008531
0.8236086799412113
0.6012298910248992
1.1693221169171653
0.9469433280008531
0.9469433280008531
0.8301342212602651
1.1693221169171653
0.9469433280008531
